[General]
k1=-0.22700000000000001
k2=-0.26200000000000001
k3=1.6379999999999999
f=661.25800000000004
px=319.5
py=239.5
