<?xml version="1.0"?>
<opencv_storage>
<calibration_time>"Sun Aug 21 17:21:15 2016"</calibration_time>
<nr_of_frames>3</nr_of_frames>
<image_width>640</image_width>
<image_height>480</image_height>
<board_width>11</board_width>
<board_height>12</board_height>
<square_size>50.</square_size>
<fix_aspect_ratio>1.</fix_aspect_ratio>
<!-- flags: +fix_aspectRatio +fix_principal_point +zero_tangent_dist -->
<flags>6158</flags>
<fisheye_model>0</fisheye_model>
<camera_matrix type_id="opencv-matrix">
  <rows>3</rows>
  <cols>3</cols>
  <dt>d</dt>
  <data>
    6.6125764454918010e+02 0. 3.1950000000000000e+02 0.
    6.6125764454918010e+02 2.3950000000000000e+02 0. 0. 1.</data></camera_matrix>
<distortion_coefficients type_id="opencv-matrix">
  <rows>5</rows>
  <cols>1</cols>
  <dt>d</dt>
  <data>
    -2.2699035027607764e-01 -2.6187129555295485e-01 0. 0.
    1.6382045727427357e+00</data></distortion_coefficients>
<avg_reprojection_error>6.5831552939421956e-01</avg_reprojection_error>
<per_view_reprojection_errors type_id="opencv-matrix">
  <rows>3</rows>
  <cols>1</cols>
  <dt>f</dt>
  <data>
    1.06085837e+00 2.74343967e-01 3.15361679e-01</data></per_view_reprojection_errors>
<extrinsic_parameters type_id="opencv-matrix">
  <rows>3</rows>
  <cols>6</cols>
  <dt>d</dt>
  <data>
    -2.3220773883434195e-01 1.3410077732250483e+00
    2.8183651958233544e+00 2.5321303444749270e+02 2.4308323634868063e+02
    1.0747780550897160e+03 2.4958402825696085e-01 6.3180373987452576e-01
    -2.9778739853779630e+00 2.4876659191783801e+02
    3.0402062429582878e+02 1.1340798430423338e+03
    -1.0524917605562063e+00 -8.5821265540025604e-01
    2.8091612247363225e+00 1.7656596789221939e+02 2.2751720203089610e+02
    1.3433324447842110e+03</data></extrinsic_parameters>
<image_points type_id="opencv-matrix">
  <rows>3</rows>
  <cols>132</cols>
  <dt>"2f"</dt>
  <data>
    4.71444916e+02 3.85752655e+02 4.43483398e+02 3.85714661e+02
    4.14040466e+02 3.85483337e+02 3.84542664e+02 3.85140991e+02
    3.53877502e+02 3.84539948e+02 3.23296173e+02 3.83897522e+02
    2.91814148e+02 3.83095825e+02 2.60454956e+02 3.82066620e+02
    2.28458984e+02 3.80954742e+02 1.96618073e+02 3.79679901e+02
    1.64650040e+02 3.78172577e+02 4.64842529e+02 3.62874451e+02
    4.37277069e+02 3.62429413e+02 4.09063690e+02 3.61973206e+02
    3.80121552e+02 3.61505371e+02 3.50792084e+02 3.60805786e+02
    3.20790253e+02 3.59841583e+02 2.90630463e+02 3.59049194e+02
    2.59990631e+02 3.57886627e+02 2.29424042e+02 3.56728394e+02
    1.98338654e+02 3.55469940e+02 1.67693283e+02 3.53879791e+02
    4.58430511e+02 3.41300385e+02 4.31742035e+02 3.40640289e+02
    4.04086212e+02 3.39898254e+02 3.76230713e+02 3.39394348e+02
    3.47523499e+02 3.38341187e+02 3.18657898e+02 3.37536987e+02
    2.89231934e+02 3.36355621e+02 2.59741699e+02 3.35388733e+02
    2.29876236e+02 3.33933929e+02 2.00112869e+02 3.32667053e+02
    1.70173691e+02 3.31340851e+02 4.52350494e+02 3.21076782e+02
    4.26183563e+02 3.20059723e+02 3.99611328e+02 3.19413574e+02
    3.72246460e+02 3.18353119e+02 3.44721619e+02 3.17538330e+02
    3.16524109e+02 3.16320862e+02 2.88332825e+02 3.15381409e+02
    2.59499969e+02 3.14006683e+02 2.30857651e+02 3.12819214e+02
    2.01699799e+02 3.11529907e+02 1.73108414e+02 3.09916534e+02
    4.46421173e+02 3.01734100e+02 4.21166992e+02 3.00934875e+02
    3.94949219e+02 2.99848572e+02 3.68643219e+02 2.98888489e+02
    3.41678223e+02 2.97719727e+02 3.14488312e+02 2.96585480e+02
    2.86887848e+02 2.95464142e+02 2.59245514e+02 2.94116028e+02
    2.31324280e+02 2.92800049e+02 2.03345367e+02 2.91554688e+02
    1.75383698e+02 2.90009644e+02 4.40818481e+02 2.83618744e+02
    4.16119568e+02 2.82394287e+02 3.90906067e+02 2.81486145e+02
    3.65127289e+02 2.80183594e+02 3.39172699e+02 2.79246948e+02
    3.12655365e+02 2.77824799e+02 2.86026764e+02 2.76542877e+02
    2.59056824e+02 2.75369965e+02 2.32110352e+02 2.73874817e+02
    2.04818924e+02 2.72576569e+02 1.77963913e+02 2.71384705e+02
    4.35488464e+02 2.66483734e+02 4.11574066e+02 2.65490906e+02
    3.86794739e+02 2.64058655e+02 3.61998657e+02 2.63030670e+02
    3.36651337e+02 2.61671814e+02 3.10974304e+02 2.60348083e+02
    2.85140564e+02 2.59137512e+02 2.59079102e+02 2.57758118e+02
    2.32795898e+02 2.56456726e+02 2.06536011e+02 2.55271835e+02
    1.80312943e+02 2.53807114e+02 4.30542999e+02 2.50328384e+02
    4.07086151e+02 2.49081696e+02 3.83155090e+02 2.47781860e+02
    3.58782043e+02 2.46480637e+02 3.34391052e+02 2.45330246e+02
    3.09373993e+02 2.43798981e+02 2.84302826e+02 2.42467987e+02
    2.58842712e+02 2.41268478e+02 2.33592834e+02 2.39805283e+02
    2.07888092e+02 2.38526642e+02 1.82592087e+02 2.37371277e+02
    4.25695282e+02 2.35028107e+02 4.02919952e+02 2.33714691e+02
    3.79571411e+02 2.32317490e+02 3.56080048e+02 2.31157211e+02
    3.32126648e+02 2.29645065e+02 3.07837738e+02 2.28239822e+02
    2.83501190e+02 2.26916290e+02 2.58957916e+02 2.25614624e+02
    2.34289886e+02 2.24297089e+02 2.09457230e+02 2.23109756e+02
    1.84728409e+02 2.21676529e+02 4.21163818e+02 2.20445297e+02
    3.98867859e+02 2.19208389e+02 3.76180786e+02 2.17647034e+02
    3.53202240e+02 2.16396362e+02 3.29907410e+02 2.15155106e+02
    3.06346313e+02 2.13590286e+02 2.82661530e+02 2.12125473e+02
    2.58697906e+02 2.10878464e+02 2.34837479e+02 2.09585403e+02
    2.10701172e+02 2.08270752e+02 1.86778671e+02 2.07041199e+02
    4.16664490e+02 2.06650955e+02 3.93364105e+02 1.99773560e+02
    3.72820923e+02 2.03723770e+02 3.49257996e+02 1.96475143e+02
    3.27875824e+02 2.00981781e+02 3.04944641e+02 1.99273468e+02
    2.81977722e+02 1.98199951e+02 2.58783813e+02 1.96847397e+02
    2.35556793e+02 1.95559402e+02 2.12247559e+02 1.94086472e+02
    1.88842651e+02 1.93068756e+02 4.12881958e+02 1.94245132e+02
    3.91543182e+02 1.91732239e+02 3.70101685e+02 1.91430649e+02
    3.47931702e+02 1.87728256e+02 3.25568665e+02 1.84927292e+02
    3.03709503e+02 1.86184418e+02 2.81945618e+02 1.92081970e+02
    2.58702850e+02 1.81465195e+02 2.35953796e+02 1.80155914e+02
    2.13084839e+02 1.82000809e+02 1.90554855e+02 1.78120529e+02
    4.59760834e+02 4.11945831e+02 4.33562134e+02 4.12576202e+02
    4.06162109e+02 4.13020477e+02 3.78449890e+02 4.13371460e+02
    3.49830383e+02 4.13400482e+02 3.21001404e+02 4.13409637e+02
    2.91499695e+02 4.13074432e+02 2.61714142e+02 4.12647949e+02
    2.31524811e+02 4.11936188e+02 2.01218231e+02 4.11283905e+02
    1.70644485e+02 4.10191986e+02 4.66566620e+02 3.89366608e+02
    4.39598602e+02 3.89559906e+02 4.12022003e+02 3.89734924e+02
    3.83496246e+02 3.89699768e+02 3.54541840e+02 3.89696045e+02
    3.24868469e+02 3.89449982e+02 2.94773468e+02 3.89116272e+02
    2.64275299e+02 3.88428345e+02 2.33408676e+02 3.87743896e+02
    2.02135925e+02 3.86685547e+02 1.71112915e+02 3.85620056e+02
    4.72965332e+02 3.65452362e+02 4.45821136e+02 3.65538055e+02
    4.17459320e+02 3.65407776e+02 3.88598633e+02 3.65293091e+02
    3.58862701e+02 3.64807892e+02 3.28764893e+02 3.64355286e+02
    2.97825317e+02 3.63786377e+02 2.66693237e+02 3.63199860e+02
    2.35106384e+02 3.62107635e+02 2.03287796e+02 3.61170532e+02
    1.71224716e+02 3.59837128e+02 4.80072205e+02 3.40513458e+02
    4.52176453e+02 3.40201202e+02 4.23506256e+02 3.39837555e+02
    3.93820770e+02 3.39486267e+02 3.63775421e+02 3.38907715e+02
    3.32706360e+02 3.38172302e+02 3.01398254e+02 3.37518127e+02
    2.69331451e+02 3.36445801e+02 2.37112442e+02 3.35515533e+02
    2.04293243e+02 3.34051239e+02 1.71702103e+02 3.32772491e+02
    4.86889923e+02 3.14459259e+02 4.58756592e+02 3.13903290e+02
    4.29385315e+02 3.13384216e+02 3.99462830e+02 3.12453094e+02
    3.68517944e+02 3.11679077e+02 3.37081482e+02 3.10756958e+02
    3.04741943e+02 3.09670380e+02 2.72216309e+02 3.08451843e+02
    2.39005554e+02 3.07287598e+02 2.05654160e+02 3.05766968e+02
    1.72216675e+02 3.04190399e+02 4.94142334e+02 2.87563904e+02
    4.65416016e+02 2.86485596e+02 4.35670959e+02 2.85540680e+02
